The initial augmented matrix is:
[4 0 124 124 14
41 214000 0 124 0.14
2134 421 14 14 14
0.124 11243 412 0.142 14
]
--------------------------------------------------
R1 <-> R3
[2134 421 14 14 14
41 214000 0 124 0.14
4 0 124 124 14
0.124 11243 412 0.142 14
]
--------------------------------------------------
R2 <- R2 - (0.0192127) * R1
[2134 421 14 14 14
0 213992 -0.268978 123.731 -0.128978
4 0 124 124 14
0.124 11243 412 0.142 14
]
--------------------------------------------------
R3 <- R3 - (0.00187441) * R1
[2134 421 14 14 14
0 213992 -0.268978 123.731 -0.128978
0 -0.789128 123.974 123.974 13.9738
0.124 11243 412 0.142 14
]
--------------------------------------------------
R4 <- R4 - (5.81068e-05) * R1
[2134 421 14 14 14
0 213992 -0.268978 123.731 -0.128978
0 -0.789128 123.974 123.974 13.9738
0 11243 411.999 0.141187 13.9992
]
--------------------------------------------------
R3 <- R3 - (-3.68766e-06) * R2
[2134 421 14 14 14
0 213992 -0.268978 123.731 -0.128978
0 0 123.974 123.974 13.9738
0 11243 411.999 0.141187 13.9992
]
--------------------------------------------------
R4 <- R4 - (0.0525393) * R2
[2134 421 14 14 14
0 213992 -0.268978 123.731 -0.128978
0 0 123.974 123.974 13.9738
0 0 412.013 -6.35955 14.006
]
--------------------------------------------------
R3 <-> R4
[2134 421 14 14 14
0 213992 -0.268978 123.731 -0.128978
0 0 412.013 -6.35955 14.006
0 0 123.974 123.974 13.9738
]
--------------------------------------------------
R4 <- R4 - (0.300897) * R3
[2134 421 14 14 14
0 213992 -0.268978 123.731 -0.128978
0 0 412.013 -6.35955 14.006
0 0 0 125.888 9.7594
]
--------------------------------------------------
x[3] = 0.0775246
x[2] = 0.0351906
x[1] = -4.53835e-05
x[0] = 0.00582994
Solutions:

Execution time: 0.009759 seconds